9 конт:
var sh = new ShipHold(130, 75, 57, 185);
List<Container> cont = new List<Container>() {
new Container(1, 61, 24, 26, 19), // 20-foot
new Container(2, 121, 24, 29, 11), // high 40-foot
new Container(3, 121, 25, 26, 23), // wide 40-foot
new Container(4, 61, 25, 26, 25), // wide 20-foot 
new Container(5, 121, 25, 29, 18), //wide and high 40-foot
new Container(6, 121, 24, 26, 17), //40-foot
new Container(7, 61, 24, 29, 21), //high 20-foot
new Container(8, 61, 25, 29, 22), // wide and high 20-foot
new Container(9, 92, 25, 26, 16)}; // 30-foot

10 50
149476, 149476, 128335, 128335, 125189, 89335, 85980, 85980, 85980, 83174, 83174, 83174, 83174, 80964, 80964, 80964, 80964, 80964, 80964, 80964, 80964, 80964, 80964, 80964, 80964, 80964, 65260, 65260, 65260, 65260, 65260, 65260, 65260, 65260, 65260, 65260, 65260, 65260, 65260, 65260, 65260, 65260, 65260, 65260, 65260, 65260, 65260, 65260, 65260, 65260, 65260



50 cont
200 200
var sh = new ShipHold(203, 121, 83, 530)
442617, 418572, 418572, 411531, 386567, 386567, 386567, 382745, 342522, 332587, 332587, 332587, 332587, 332587, 321451, 321451, 321451, 293667, 293667, 293667, 293667, 293667, 286069, 286069, 286069, 286069, 285360, 273041, 273041, 273041, 273041, 273041, 273041, 273041, 273041, 273041, 271611, 271611, 271611, 271611, 271611, 271611, 271611, 271141, 268361, 268361, 268361, 268361, 268361, 266041, 266041,259361, 259361, 259361, 259361, 259361, 259361, 259361, 259109, 259109, 259109, 259109, 259109, 259109, 259109, 259109, 259109, 259109, 259109, 259109, 259109, 259109, 259109, 259109, 259109, 259109, 259109, 259109, 259109, 259109, 259109, 259109, 258689, 258689, 258689, 258689, 258689, 258689, 258689, 258689, 258689, 258689, 258689, 258689, 258689, 256219, 256219, 256219, 256219, 256219, 256219, 256219,256219, 256219, 256219, 256219, 256219, 256219, 256219, 256219, 256219, 256219, 254347, 254347, 254347, 254347, 254347, 254347, 254347, 254347, 254347, 254347, 253099, 253099, 253099, 253099, 253099, 253099, 253099, 253099, 253099, 253099, 253099, 253099, 253099, 253099, 253099, 253099, 253099, 253099, 253099, 253099, 253099, 253099, 252579, 251359, 251359, 251359, 251359, 251359, 251359, 251359, 251359,251359, 251359, 250839, 250839, 250839, 250839, 250839, 250839, 250839, 250839, 250839, 250839, 250839, 250839, 250839, 248314, 248314, 248314, 245764, 245764, 245764, 245764, 245764, 245764, 242655, 242655, 242655, 242655, 242655, 242655, 239639, 239639, 239639, 237824, 221439, 221439, 221439, 221439, 221439, 221439, 221439, 221439, 221439, 221439, 221439, 220949, 220949,


100 cont
var sh = new ShipHold(203, 121, 177, 1084);
200 400

887946, 887946, 806268, 806268, 806268, 806268, 806268, 806268, 806268, 806268, 806268, 806268, 806268, 806268, 806268, 806268, 806268, 806268, 806268, 806268, 806268, 806268, 806268, 806268, 806268, 806268, 806268, 806268, 806268, 806268, 806268, 806268, 806268, 806268, 806268, 806268, 765100, 765100, 765100, 765100, 765100, 765100, 765100, 752851, 752851, 731948, 731948, 731948, 731948, 731948, 731948,731948, 728568, 728568, 728568, 728568, 728568, 718173, 718173, 714793, 714261, 712593, 712593, 712593, 712593, 712593, 708761, 698997, 698997, 698997, 698997, 698997, 698997, 698997, 698997, 698997, 698997, 697229, 697229, 697229, 687404, 687404, 679729, 679729, 679729, 679729, 679729, 679729, 679729, 679729, 679729, 679729, 679729, 679729, 679729, 679729, 679729, 679729, 679729, 679729, 679729, 679729,679729, 679729, 679729, 679729, 679729, 679729, 679729, 679729, 679729, 679729, 679729, 679729, 679729, 672553, 672553, 672553, 672553, 672553, 672553, 672553, 672553, 672553, 672553, 672553, 672553, 672553, 672553, 672553, 672553, 672553, 672553, 672553, 672553, 672553, 672553, 672553, 672553, 672553, 672553, 672553, 672553, 672553, 672553, 671305, 671305, 671305, 671305, 671305, 671305, 671305, 671305,671305, 671305, 670603, 670603, 670603, 670603, 670603, 670603, 670603, 670603, 670603, 670603, 670603, 670603, 670603, 670603, 669748, 669748, 669748, 669748, 669748, 669748, 669748, 669748, 669748, 669748, 669748, 669748, 669748, 669748, 669355, 669355, 669355, 669355, 669355, 669355, 669355, 669355, 669355, 653105, 653105, 653105, 653105, 653105, 653105, 653105, 642536, 642536, 642536, 642536, 642536,642536, 638579, 638579, 638579, 638579, 638579, 638579, 638579, 637954, 637954, 637954, 637954, 637954, 637954, 637954, 637954, 637954, 637954, 637954, 637954, 637954, 637954, 637954, 637954, 637954, 637954, 637129, 637129, 637129, 636904, 632179, 632179, 632179, 632179, 632179, 632179, 632179, 632179, 632179, 632179, 632179, 632179, 632179, 632179, 632179, 632179, 632179, 632179, 632179, 632179, 632179,632179, 632179, 632179, 632179, 632179, 632179, 632179, 632179, 632179, 632179, 632179, 632179, 632179, 632179, 632179, 632179, 632179, 632179, 632179, 632179, 632179, 632179, 632179, 632179, 632179, 632179, 632179, 632179, 632179, 632179, 632179, 632179, 632179, 632179, 632179, 632179, 632179, 632179, 632179, 632179, 632179, 632179, 632179, 632179, 632179, 632179, 632179, 632179, 632179, 632179, 632179,632179, 632179, 632179, 632179, 632179, 632179, 632179, 632179, 632179, 632179, 632179, 632179, 632179, 632179, 632179, 632179, 632179, 632179, 631786, 631786, 631786, 631786, 631786, 631786, 631786, 631786, 631786, 631786, 631786, 631786, 631786, 631786, 631786, 631786, 631786, 631786, 631786, 631786, 631786, 631786, 631786, 631786, 631786, 631786, 631786, 631786, 631786, 631786, 631786, 631786, 631786,631786, 631786, 631786, 631786, 631786, 631786, 631786, 631786, 631786, 631786, 631786, 631786, 631786, 631786, 631786, 631786, 631786, 631786, 631786, 631786, 631786, 631786, 631786, 631786, 631786, 631786, 631786, 631786, 631786, 631786, 631786, 631786, 631786, 631786, 631786, 631786, 631786, 631786, 631786, 631786, 631786, 631786, 631786,


неплохо
968061, 968061, 968061, 965583, 911560, 911560, 906780, 906780, 898217, 898217, 898217, 898217, 898217, 898217, 898217, 890291, 890291, 885608, 885608, 885608, 842357, 817060, 817060, 817060, 817060, 817060, 817060, 817060, 817060, 817060, 799462, 799462, 796657, 785339, 764772, 757658, 757658, 757658, 757658, 754069, 754069, 754069, 754069, 754069, 747225, 747225, 747225, 747225, 728003, 728003, 728003,727024, 722873, 719262, 702791, 702791, 699707, 696138, 696138, 696138, 692759, 692759, 688755, 686159, 684125, 676725, 676302, 670855, 670855, 663887, 662863, 662863, 659815, 659815, 659815, 659815, 659015, 658495, 658495, 658495, 658495, 658495, 658495, 658495, 658495, 658495, 658495, 658495, 658495, 652490, 650992, 650992, 650992, 647545, 647545, 647545, 647545, 647545, 647545, 647545, 647545, 647545,645517, 645517, 645517, 645517, 645517, 645517, 645517, 645517, 640767, 640767, 640767, 640767, 640767, 640767, 640767, 640767, 635417, 635417, 635417, 635417, 632492, 632492, 632492, 632492, 631460, 631460, 631460, 631460, 631460, 631460, 631460, 631460, 631460, 631460, 631460, 631460, 628967, 628967, 628967, 628967, 628967, 628967, 628967, 628967, 628967, 628828, 628828, 626892, 626892, 626892, 626892,626892, 626892, 626892, 626892, 626892, 625167, 625167, 625167, 625167, 625167, 625167, 625167, 625167, 625167, 625167, 625167, 625167, 625167, 625167, 625167, 625167, 625167, 625167, 625167, 625167, 625167, 625167, 625167, 625167, 625167, 625167, 625167, 625167, 625167, 625167, 625167, 625167, 625167, 625167, 625167, 625167, 625167, 625167, 625167, 625167, 625167, 625167, 625167, 625167, 625167, 625167,625167, 625167, 625167, 625167, 625167, 625167, 625167, 625167, 625167, 625167, 625167, 625167, 625167, 625167, 625167, 625167, 625167, 625167, 625167, 625167, 625167, 625167, 625167, 625167, 625167, 625167, 625167, 625167, 625167, 625167, 625167, 625167, 625167, 625167, 625167, 625167, 625167, 625167, 625167, 625167, 625167, 625167, 625167, 625167, 625167, 625167, 621536, 621536, 621536, 621536, 619600,619600, 619600, 619600, 619600, 619600, 619600, 619600, 619600, 619600, 619600, 619600, 619600, 619600, 619600, 619600, 619600, 619600, 619600, 619600, 619600, 619600, 619600, 619600, 619600, 619600, 619600, 619600, 619600, 619600, 619600, 619600, 619600, 619600, 619600, 619600, 619600, 619600, 619600, 619600, 619600, 619600, 619600, 619600, 619600, 619600, 619600, 619600, 619600, 619600, 619600, 619600,619600, 619600, 619600, 619600, 619600, 619600, 619600, 619600, 619600, 619600, 619600, 619600, 619600, 619600, 619600, 619600, 619600, 619600, 619600, 619600, 619600, 619600, 619600, 619600, 619600, 619600, 619600, 619600, 619600, 619600, 619600, 619600, 619600, 619600, 619600, 619600, 619600, 619600, 619600, 619600, 619600, 619600, 619600, 619600, 618611, 618350, 618350, 618350, 618350, 618350, 618350,618350, 618350, 618350, 618350, 618350, 618350, 618350, 618350, 618350, 618350, 618350, 618350, 618350, 618350, 618350, 618350, 618350, 618350, 618350, 618350, 618350, 618350, 618350, 618350, 618350, 618350, 618350, 618350, 618350, 618350, 618350, 618350, 618350, 618350, 618350, 618350, 618350, 618350, 618350, 618350, 618350, 618350, 618350,




200 cont
var sh = new ShipHold(250, 200, 177, 2200);